NLectura,Millis,Altura,AcelX,AcelY,AcelZ,MagX,MagY,MagZ,GyroX,GyroY,GyroZ,Estado
1,2672,0.00,-0.05,1.13,-0.03,-0.26,0.37,-0.87,0.91,-0.91,1.33, 
2,2697,0.00,0.00,1.11,-0.03,-0.27,0.36,-0.86,1.05,-0.98,1.05, 
3,2720,0.00,0.04,1.05,-0.02,-0.27,0.36,-0.86,1.12,-0.84,1.61, 
4,2744,0.00,-0.05,1.05,-0.05,-0.27,0.36,-0.86,0.77,-2.80,1.05, 
5,2768,0.00,-0.02,1.06,-0.04,-0.28,0.36,-0.87,1.40,-1.05,1.47, 
6,2792,0.00,-0.04,1.05,-0.05,-0.28,0.36,-0.87,1.19,-0.42,0.91, 
7,2817,0.00,0.00,1.05,-0.02,-0.28,0.36,-0.87,0.77,1.54,0.84, 
8,2844,0.00,-0.05,1.17,-0.05,-0.28,0.36,-0.87,1.33,-0.35,0.98, 
9,2868,3074.00,-0.05,1.05,0.00,-0.28,0.36,-0.87,1.47,-1.61,1.40,Q
10,2892,3074.00,-0.01,1.09,-0.04,-0.28,0.36,-0.86,0.77,-1.61,1.12,Q
11,2917,3074.00,-0.04,1.06,-0.06,-0.28,0.36,-0.86,0.70,-0.63,1.26,Q
12,2940,3074.00,-0.05,1.06,-0.10,-0.28,0.36,-0.86,1.12,0.63,1.12,Q
13,2965,3074.00,-0.02,1.09,-0.03,-0.28,0.36,-0.87,0.63,-0.63,1.33,Q
14,2990,3074.00,-0.09,1.05,-0.02,-0.28,0.36,-0.87,1.12,0.77,1.26,Q
15,3013,3074.00,0.00,1.08,0.00,-0.28,0.36,-0.87,1.19,-0.63,1.33,Q
16,3042,3074.00,0.00,1.05,-0.04,-0.28,0.36,-0.87,0.91,-2.24,1.33,Q
17,3066,3074.00,-0.02,1.05,-0.07,-0.28,0.36,-0.87,1.19,-1.89,0.77,Q
18,3090,3074.00,-0.04,1.05,-0.05,-0.28,0.36,-0.87,1.19,0.21,0.91,Q
19,3115,3074.00,-0.05,1.07,0.00,-0.28,0.36,-0.86,0.98,1.19,1.19,Q
20,3139,3074.00,-0.03,1.09,-0.06,-0.28,0.36,-0.86,0.84,-0.14,1.33,Q
21,3178,3074.00,-0.02,1.06,-0.04,-0.28,0.36,-0.87,0.91,-2.17,1.47,Q
22,3202,3074.00,-0.03,1.03,-0.08,-0.28,0.36,-0.87,1.33,-2.31,1.26,Q
23,3230,3075.00,-0.02,1.09,-0.04,-0.28,0.36,-0.87,1.54,-4.20,1.26,A
24,3255,3075.00,-0.04,1.05,0.00,-0.28,0.36,-0.87,1.05,0.63,1.47,Q
25,3278,3075.00,-0.03,1.08,0.00,-0.28,0.36,-0.87,0.91,2.80,1.26,Q
26,3303,3075.00,-0.12,1.05,0.00,-0.28,0.36,-0.86,0.98,1.54,1.19,Q
27,3326,3074.00,-0.02,1.05,0.00,-0.28,0.36,-0.86,1.33,-0.98,1.12,D
28,3351,3074.00,0.03,1.04,-0.02,-0.28,0.36,-0.86,1.12,-2.87,1.33,Q
29,3376,3074.00,0.00,1.05,0.00,-0.28,0.36,-0.86,0.91,-1.40,1.33,Q
30,3399,3074.00,-0.02,1.05,-0.08,-0.28,0.36,-0.86,1.12,-0.91,1.26,Q
31,3428,3074.00,0.00,1.02,-0.03,-0.28,0.36,-0.86,1.33,0.00,1.12,Q
32,3452,3074.00,-0.04,1.07,-0.05,-0.28,0.36,-0.86,1.33,-0.21,1.26,Q
33,3476,3074.00,-0.04,1.05,-0.02,-0.28,0.36,-0.86,1.26,0.77,1.26,Q
34,3501,3074.00,-0.04,1.08,-0.02,-0.28,0.36,-0.86,0.70,-1.75,1.33,Q
35,3525,3074.00,-0.05,1.07,-0.02,-0.28,0.36,-0.86,1.61,-1.82,1.19,Q
36,3550,3075.00,-0.05,1.07,-0.08,-0.28,0.36,-0.86,1.05,-2.38,1.05,A
37,3573,3075.00,-0.01,1.05,0.01,-0.28,0.36,-0.86,0.70,-0.14,1.19,Q
38,3602,3075.00,-0.04,1.02,-0.04,-0.28,0.36,-0.86,0.91,0.42,1.26,Q
39,3627,3075.00,-0.06,1.04,0.05,-0.28,0.36,-0.86,0.77,-0.63,0.91,Q
40,3650,3076.00,-0.01,1.12,-0.10,-0.28,0.36,-0.87,1.33,0.28,0.84,A
41,3689,3076.00,0.01,1.07,-0.07,-0.28,0.36,-0.87,1.05,-1.89,1.33,Q
42,3714,3076.00,-0.04,1.00,-0.03,-0.28,0.36,-0.87,0.98,-1.33,1.61,Q
43,3737,3075.00,-0.05,1.03,0.00,-0.28,0.36,-0.87,1.19,-0.56,1.12,D
44,3762,3075.00,-0.06,1.05,-0.04,-0.28,0.36,-0.87,1.05,-1.47,1.47,Q
45,3786,3075.00,-0.02,1.02,-0.05,-0.28,0.36,-0.86,1.47,-1.82,1.05,Q
46,3815,3075.00,-0.02,1.02,-0.03,-0.28,0.36,-0.86,1.26,-0.21,1.33,Q
47,3838,3074.00,-0.04,1.04,-0.06,-0.28,0.36,-0.86,1.12,0.91,1.19,D
48,3863,3074.00,0.00,1.06,-0.04,-0.28,0.36,-0.87,0.91,0.98,1.26,Q
49,3887,3074.00,-0.03,1.05,0.00,-0.28,0.36,-0.87,1.47,-1.47,1.40,Q
50,3911,3074.00,-0.02,1.05,-0.11,-0.28,0.36,-0.86,1.19,-1.47,1.33,Q
51,3936,3074.00,-0.04,1.00,-0.05,-0.28,0.36,-0.86,1.12,-0.49,1.33,Q
52,3960,3074.00,-0.05,1.07,-0.01,-0.28,0.36,-0.86,0.70,-0.77,1.33,Q
53,3988,3074.00,-0.05,1.06,0.00,-0.28,0.36,-0.86,0.91,0.00,1.47,Q
54,4013,3074.00,0.01,1.08,-0.02,-0.28,0.36,-0.86,0.84,0.28,0.84,Q
55,4037,3075.00,-0.02,1.12,-0.05,-0.28,0.36,-0.86,1.75,1.19,1.47,A
56,4061,3075.00,-0.05,1.07,-0.05,-0.28,0.36,-0.86,0.91,-0.77,1.26,Q
57,4085,3075.00,-0.03,1.02,0.00,-0.28,0.36,-0.86,1.26,-1.26,1.54,Q
58,4110,3075.00,-0.05,1.05,0.00,-0.28,0.36,-0.86,1.33,-0.56,1.33,Q
59,4133,3075.00,-0.09,1.09,0.00,-0.28,0.36,-0.86,0.91,-1.26,1.47,Q
60,4158,3075.00,-0.03,1.06,0.00,-0.28,0.36,-0.86,0.91,-0.84,1.19,Q
61,4200,3075.00,-0.07,1.05,0.02,-0.28,0.36,-0.87,1.19,0.14,1.26,Q
62,4225,3074.00,-0.03,1.02,-0.04,-0.28,0.36,-0.87,1.12,0.84,1.26,D
63,4248,3074.00,0.00,1.06,0.00,-0.28,0.36,-0.87,1.40,-0.91,1.19,Q
64,4273,3074.00,0.00,1.05,-0.02,-0.28,0.36,-0.86,1.47,-1.47,0.98,Q
65,4297,3074.00,-0.03,1.07,0.01,-0.28,0.36,-0.86,0.84,-0.77,1.26,Q
66,4321,3074.00,-0.04,1.07,-0.04,-0.28,0.36,-0.86,1.33,-0.07,1.19,Q
67,4345,3074.00,0.00,1.05,-0.03,-0.28,0.36,-0.86,1.33,-1.61,1.33,Q
68,4373,3075.00,-0.01,1.06,-0.03,-0.28,0.36,-0.86,1.33,0.56,1.40,A
69,4398,3075.00,0.00,1.05,-0.05,-0.28,0.36,-0.87,0.49,0.56,1.12,Q
70,4422,3075.00,0.00,1.12,0.10,-0.28,0.36,-0.87,1.19,0.42,1.54,Q
71,4446,3075.00,-0.03,1.06,-0.02,-0.28,0.36,-0.87,1.05,-0.56,1.26,Q
72,4470,3075.00,0.00,1.02,-0.09,-0.28,0.36,-0.87,0.98,-1.68,1.26,Q
73,4495,3075.00,-0.03,1.10,-0.03,-0.28,0.36,-0.87,0.63,0.21,1.26,Q
74,4518,3074.00,-0.04,1.09,-0.05,-0.28,0.36,-0.87,1.26,-1.05,1.12,D
75,4543,3074.00,0.00,1.07,-0.05,-0.28,0.36,-0.87,0.56,-0.84,1.12,Q
76,4572,3074.00,-0.06,1.09,-0.07,-0.28,0.36,-0.87,1.40,-1.40,1.12,Q
77,4595,3075.00,-0.05,0.99,-0.09,-0.28,0.36,-0.86,1.54,0.28,1.33,A
78,4620,3074.00,-0.03,1.06,-0.03,-0.28,0.36,-0.86,0.84,-0.14,1.61,D
79,4644,3075.00,-0.05,1.03,-0.02,-0.28,0.36,-0.86,1.19,0.35,1.12,A
80,4668,3074.00,-0.03,1.08,-0.04,-0.28,0.36,-0.87,1.12,-0.21,0.84,D
81,4707,3074.00,-0.04,1.05,-0.01,-0.28,0.36,-0.87,1.12,-0.70,1.19,Q
82,4731,3074.00,-0.03,1.04,-0.11,-0.28,0.36,-0.87,1.19,-1.82,1.26,Q
83,4760,3074.00,-0.02,1.12,-0.01,-0.28,0.36,-0.87,1.05,2.03,1.26,Q
84,4784,3074.00,-0.03,1.05,-0.01,-0.28,0.36,-0.87,1.40,0.07,1.05,Q
85,4808,3074.00,-0.05,1.06,0.07,-0.28,0.36,-0.86,0.98,-0.49,1.40,Q
86,4833,3074.00,-0.05,1.02,-0.02,-0.28,0.36,-0.86,1.26,-2.03,1.19,Q
87,4856,3074.00,-0.10,1.06,0.00,-0.28,0.36,-0.86,1.40,-2.45,1.47,Q
88,4881,3074.00,-0.02,1.16,-0.05,-0.28,0.36,-0.86,0.77,-0.14,1.40,Q
89,4905,3074.00,-0.05,1.03,-0.04,-0.28,0.36,-0.86,0.84,-0.70,1.05,Q
90,4929,3074.00,-0.03,1.03,-0.02,-0.28,0.36,-0.87,0.49,0.21,0.77,Q
91,4958,3074.00,-0.04,1.07,-0.12,-0.28,0.36,-0.87,1.26,-0.28,1.19,Q
92,4982,3074.00,0.00,1.04,-0.05,-0.28,0.36,-0.87,1.68,0.28,1.05,Q
93,5006,3074.00,-0.12,1.11,-0.02,-0.28,0.36,-0.87,1.33,-1.96,1.19,Q
94,5030,3074.00,-0.01,1.06,0.00,-0.28,0.36,-0.87,0.98,-1.47,1.33,Q
95,5055,3074.00,0.00,1.03,-0.03,-0.28,0.36,-0.87,1.05,-1.12,1.54,Q
96,5079,3074.00,-0.03,1.06,-0.06,-0.28,0.36,-0.86,1.05,-1.19,0.91,Q
97,5103,3074.00,-0.01,1.05,-0.08,-0.28,0.36,-0.86,1.12,0.42,1.05,Q
98,5132,3074.00,0.04,1.09,-0.05,-0.28,0.36,-0.86,1.33,0.63,1.19,Q
99,5155,3074.00,-0.06,1.09,-0.01,-0.28,0.36,-0.87,1.40,0.07,1.26,Q
100,5180,3074.00,-0.05,0.96,-0.04,-0.28,0.36,-0.87,1.26,-2.31,0.91,Q
101,5219,3074.00,-0.03,1.12,-0.05,-0.28,0.36,-0.87,1.47,-1.12,1.19,Q
102,5243,3075.00,-0.04,1.05,-0.07,-0.28,0.36,-0.87,1.12,-0.70,1.05,A
103,5268,3075.00,0.03,1.02,-0.02,-0.28,0.36,-0.87,1.61,-1.12,0.63,Q
104,5292,3075.00,-0.04,1.00,-0.03,-0.28,0.36,-0.86,1.05,0.91,1.05,Q
105,5316,3075.00,-0.02,1.09,0.00,-0.28,0.36,-0.86,1.40,1.26,1.47,Q
106,5345,3075.00,-0.02,1.05,0.02,-0.28,0.36,-0.86,1.19,-0.07,0.91,Q
107,5368,3075.00,-0.05,1.09,-0.06,-0.28,0.36,-0.86,1.05,-3.36,1.47,Q
108,5393,3075.00,-0.03,1.06,-0.05,-0.28,0.36,-0.86,1.40,-1.47,1.40,Q
109,5417,3075.00,0.00,1.05,-0.03,-0.28,0.36,-0.87,0.98,1.54,0.98,Q
110,5441,3075.00,0.02,1.07,-0.04,-0.28,0.36,-0.87,1.40,2.10,1.05,Q
111,5466,3075.00,0.00,1.11,-0.05,-0.28,0.36,-0.87,1.40,-0.49,1.26,Q
112,5490,3075.00,0.00,1.05,-0.05,-0.28,0.36,-0.86,1.12,-1.75,1.19,Q
113,5519,3074.00,-0.02,1.05,-0.04,-0.28,0.36,-0.86,1.05,-0.14,1.19,D
114,5542,3074.00,0.00,1.10,0.12,-0.28,0.36,-0.87,1.05,0.14,1.19,Q
115,5567,3074.00,0.00,1.03,-0.03,-0.28,0.36,-0.87,1.40,-1.19,0.91,Q
116,5592,3075.00,-0.02,1.05,-0.02,-0.28,0.36,-0.87,1.33,0.07,1.19,A
117,5615,3075.00,-0.05,1.04,-0.05,-0.28,0.36,-0.86,1.12,0.14,0.84,Q
118,5640,3075.00,-0.05,1.06,-0.05,-0.28,0.36,-0.86,1.19,0.63,1.19,Q
119,5664,3074.00,0.01,1.02,0.02,-0.28,0.36,-0.86,1.33,-0.14,0.77,D
120,5688,3074.00,-0.03,1.05,-0.03,-0.28,0.36,-0.86,1.12,-1.96,0.98,Q
121,5731,3075.00,-0.05,1.05,-0.04,-0.28,0.36,-0.86,1.26,-5.04,1.47,A
122,5755,3075.00,-0.05,1.04,-0.04,-0.28,0.36,-0.87,1.05,-1.05,1.26,Q
123,5780,3075.00,-0.03,1.05,0.09,-0.28,0.36,-0.87,0.98,2.59,0.84,Q
124,5804,3075.00,0.00,1.09,-0.12,-0.28,0.36,-0.87,0.84,2.38,0.98,Q
125,5828,3075.00,-0.02,1.05,0.01,-0.28,0.36,-0.86,1.40,-1.68,1.47,Q
126,5853,3075.00,-0.04,1.05,-0.02,-0.28,0.36,-0.86,0.91,-4.27,0.91,Q
127,5876,3075.00,0.00,1.06,0.00,-0.28,0.36,-0.86,1.26,0.00,0.77,Q
128,5905,3075.00,0.00,1.05,-0.04,-0.28,0.36,-0.86,1.12,0.21,1.12,Q
129,5929,3075.00,-0.02,1.03,-0.03,-0.28,0.36,-0.86,0.84,-1.82,0.98,Q
130,5953,3076.00,-0.03,1.12,-0.06,-0.28,0.36,-0.87,1.05,-1.68,0.91,A
131,5978,3075.00,-0.07,1.20,0.03,-0.28,0.36,-0.87,0.77,0.42,0.91,D
132,6002,3075.00,-0.08,1.05,0.02,-0.28,0.36,-0.87,1.40,0.42,1.26,Q
133,6026,3075.00,-0.06,1.05,-0.07,-0.28,0.36,-0.86,0.56,-2.52,1.12,Q
134,6050,3075.00,-0.06,1.07,-0.09,-0.28,0.36,-0.86,0.77,-2.03,1.33,Q
135,6084,3075.00,-0.02,1.14,0.00,-0.28,0.36,-0.87,0.77,1.26,1.26,Q
136,6109,3075.00,0.03,1.09,-0.01,-0.28,0.36,-0.87,0.63,1.75,1.40,Q
137,6132,3075.00,0.02,1.07,-0.02,-0.28,0.36,-0.87,1.19,-1.33,1.54,Q
138,6157,3074.00,0.02,1.07,-0.04,-0.28,0.36,-0.86,0.91,-1.82,0.84,D
139,6181,3074.00,-0.02,1.05,-0.05,-0.28,0.36,-0.86,0.91,-0.42,1.19,Q
140,6205,3075.00,0.02,1.04,0.00,-0.28,0.36,-0.86,0.98,-1.05,1.33,A
141,6244,3075.00,-0.05,1.07,-0.05,-0.28,0.36,-0.86,1.12,-0.84,0.91,Q
142,6268,3075.00,-0.02,1.10,-0.03,-0.28,0.36,-0.86,1.26,0.21,1.26,Q
143,6297,3075.00,-0.06,1.05,0.00,-0.28,0.36,-0.87,0.91,0.00,0.77,Q
144,6321,3075.00,-0.09,1.07,-0.04,-0.28,0.36,-0.87,1.68,-1.47,0.91,Q
145,6345,3075.00,0.04,1.03,-0.02,-0.28,0.36,-0.87,1.33,-0.70,0.98,Q
146,6370,3075.00,-0.05,1.07,-0.05,-0.28,0.36,-0.87,1.54,0.00,1.26,Q
147,6394,3075.00,0.02,1.06,-0.05,-0.28,0.36,-0.87,1.26,-1.40,1.12,Q
148,6418,3075.00,-0.09,1.04,0.09,-0.28,0.36,-0.87,0.77,-2.31,1.05,Q
149,6443,3075.00,-0.08,1.04,0.03,-0.28,0.36,-0.86,1.19,-0.56,0.91,Q
150,6471,3075.00,-0.03,1.06,-0.16,-0.28,0.36,-0.86,1.05,1.33,0.84,Q
151,6495,3075.00,-0.08,1.05,-0.03,-0.28,0.36,-0.86,0.98,0.56,1.33,Q
152,6519,3075.00,-0.06,1.07,-0.05,-0.28,0.36,-0.86,1.12,-3.15,1.54,Q
153,6544,3075.00,-0.08,1.02,-0.09,-0.28,0.36,-0.86,1.05,-1.33,1.33,Q
154,6568,3075.00,-0.02,1.05,-0.04,-0.28,0.36,-0.87,0.84,-0.28,1.40,Q
155,6592,3075.00,-0.02,1.04,-0.04,-0.28,0.36,-0.87,0.84,0.98,1.05,Q
156,6617,3075.00,-0.02,1.06,-0.02,-0.28,0.36,-0.87,1.19,0.21,1.12,Q
157,6641,3075.00,-0.05,1.05,-0.02,-0.28,0.36,-0.86,0.77,1.40,1.19,Q
158,6669,3075.00,0.00,1.05,-0.03,-0.28,0.36,-0.86,0.91,-16.52,1.05,Q
159,6693,3075.00,-0.02,1.05,-0.08,-0.28,0.36,-0.86,1.26,-2.38,1.12,Q
160,6718,3075.00,-0.03,1.02,-0.04,-0.28,0.36,-0.87,1.54,-2.94,0.77,Q
161,6757,3074.00,0.00,1.07,-0.03,-0.28,0.36,-0.87,1.19,-0.91,1.33,D
162,6780,3074.00,-0.03,1.11,-0.06,-0.28,0.36,-0.86,1.26,2.94,1.40,Q
163,6805,3074.00,-0.04,1.03,-0.05,-0.28,0.36,-0.86,0.63,3.71,0.98,Q
164,6830,3074.00,-0.12,1.05,0.01,-0.28,0.36,-0.86,1.05,2.45,1.12,Q
165,6858,3075.00,-0.02,1.03,-0.12,-0.28,0.36,-0.87,1.12,0.07,1.33,A
166,6882,3074.00,0.00,1.06,-0.02,-0.28,0.36,-0.87,1.19,-4.83,1.40,D
167,6906,3074.00,-0.02,1.01,0.03,-0.28,0.36,-0.86,1.40,-3.99,1.33,Q
168,6931,3074.00,-0.06,1.04,-0.06,-0.28,0.36,-0.86,1.47,-0.84,1.54,Q
169,6955,3074.00,-0.05,1.06,0.00,-0.28,0.36,-0.86,0.42,2.80,0.98,Q
170,6979,3074.00,-0.02,1.03,-0.06,-0.28,0.36,-0.87,0.98,0.07,0.84,Q
171,7004,3075.00,-0.01,1.05,0.00,-0.28,0.36,-0.87,0.70,0.70,1.40,A
172,7031,3075.00,-0.02,1.04,-0.09,-0.28,0.36,-0.87,0.98,-0.42,1.05,Q
173,7056,3074.00,0.06,1.05,-0.05,-0.28,0.36,-0.87,1.33,-1.26,1.05,D
174,7080,3075.00,0.00,1.10,-0.06,-0.28,0.36,-0.87,1.75,-4.06,1.12,A
175,7105,3075.00,-0.02,1.16,-0.03,-0.28,0.36,-0.87,1.05,0.28,1.19,Q
176,7129,3075.00,-0.04,1.05,0.00,-0.28,0.36,-0.87,0.91,2.52,0.84,Q
177,7153,3075.00,0.00,1.09,0.06,-0.28,0.36,-0.87,1.19,0.63,1.19,Q
178,7177,3075.00,0.00,1.02,0.00,-0.28,0.36,-0.87,1.82,-5.32,1.54,Q
179,7201,3075.00,0.00,1.05,-0.03,-0.28,0.36,-0.87,1.54,-4.90,1.40,Q
180,7230,3075.00,-0.04,1.06,0.00,-0.28,0.36,-0.87,1.19,-0.28,1.19,Q
181,7268,3075.00,-0.03,1.05,-0.05,-0.28,0.36,-0.86,1.26,-0.49,1.12,Q
182,7292,3075.00,-0.02,1.05,0.09,-0.28,0.36,-0.86,1.05,2.17,1.05,Q
183,7316,3075.00,-0.09,1.12,0.04,-0.28,0.36,-0.86,0.70,1.96,1.19,Q
184,7341,3075.00,-0.02,1.10,-0.03,-0.28,0.36,-0.86,1.12,-2.38,1.12,Q
185,7365,3074.00,-0.05,1.00,-0.08,-0.28,0.36,-0.86,1.26,-5.39,1.19,D
186,7390,3074.00,-0.06,1.04,-0.08,-0.28,0.36,-0.87,1.19,-1.82,1.19,Q
187,7417,3074.00,0.00,1.05,0.00,-0.28,0.36,-0.87,1.12,2.80,1.19,Q
188,7442,3074.00,0.01,1.02,0.00,-0.28,0.36,-0.87,0.84,2.94,1.19,Q
189,7465,3075.00,-0.04,1.02,0.02,-0.28,0.36,-0.87,1.12,-0.49,1.19,A
190,7490,3075.00,-0.01,1.04,0.00,-0.28,0.36,-0.87,0.56,-1.96,1.75,Q
191,7515,3075.00,0.02,1.04,-0.05,-0.28,0.36,-0.87,1.05,-2.66,1.61,Q
192,7538,3075.00,-0.05,0.99,-0.03,-0.28,0.36,-0.87,1.33,-3.08,0.98,Q
193,7563,3075.00,-0.05,0.98,-0.10,-0.28,0.36,-0.87,1.61,-2.03,1.54,Q
194,7587,3075.00,-0.05,1.03,0.05,-0.28,0.36,-0.87,0.98,0.07,1.19,Q
195,7616,3075.00,0.00,1.02,0.03,-0.28,0.36,-0.87,1.05,2.59,1.19,Q
196,7640,3074.00,-0.03,0.99,-0.05,-0.28,0.36,-0.87,1.26,-0.63,0.84,D
197,7664,3074.00,-0.05,1.10,-0.06,-0.28,0.36,-0.87,1.12,-2.24,1.05,Q
198,7689,3074.00,-0.03,1.05,0.00,-0.28,0.36,-0.87,1.05,-1.82,1.12,Q
199,7712,3074.00,0.00,1.13,-0.02,-0.28,0.36,-0.87,1.40,17.43,1.05,Q
200,7737,3074.00,0.02,1.05,-0.03,-0.28,0.36,-0.87,1.40,0.42,1.26,Q
201,7783,3074.00,-0.08,1.12,-0.03,-0.28,0.36,-0.87,0.91,0.77,1.12,Q
202,7812,3074.00,-0.05,1.09,-0.02,-0.28,0.36,-0.87,1.26,-3.08,1.05,Q
203,7836,3074.00,-0.02,1.13,-0.13,-0.28,0.36,-0.87,1.33,-3.22,1.47,Q
204,7861,3074.00,-0.05,1.00,-0.05,-0.28,0.36,-0.87,0.98,-2.66,1.40,Q
205,7884,3074.00,-0.06,1.01,-0.03,-0.28,0.36,-0.87,0.35,-0.28,1.05,Q
206,7909,3074.00,-0.04,1.05,-0.09,-0.28,0.36,-0.87,0.98,2.52,1.54,Q
207,7933,3074.00,-0.07,1.07,0.01,-0.28,0.36,-0.86,0.70,0.91,0.84,Q
208,7957,3074.00,-0.04,1.08,-0.04,-0.28,0.36,-0.86,1.19,0.63,1.26,Q
209,7982,3074.00,0.00,1.01,-0.05,-0.28,0.36,-0.86,1.40,-2.66,1.19,Q
210,8010,3074.00,-0.02,1.12,-0.15,-0.28,0.36,-0.86,1.19,-3.08,0.98,Q
211,8035,3074.00,-0.02,1.05,0.00,-0.28,0.36,-0.86,1.40,-2.38,1.40,Q
212,8058,3074.00,-0.02,1.05,-0.07,-0.28,0.36,-0.87,0.98,1.47,1.26,Q
213,8083,3074.00,-0.02,1.09,0.05,-0.28,0.36,-0.87,1.26,1.89,1.12,Q
214,8108,3075.00,-0.03,1.04,0.00,-0.28,0.36,-0.87,0.77,-0.91,1.19,A
215,8131,3075.00,-0.05,1.11,-0.02,-0.28,0.36,-0.87,0.56,-1.19,0.84,Q
216,8156,3075.00,-0.03,1.05,-0.06,-0.28,0.36,-0.87,0.77,-1.75,0.91,Q
217,8184,3075.00,0.02,1.05,-0.02,-0.28,0.36,-0.87,0.84,-1.68,1.05,Q
218,8208,3075.00,-0.04,1.05,0.05,-0.28,0.36,-0.87,0.98,-2.94,1.26,Q
219,8232,3074.00,-0.02,1.05,-0.04,-0.28,0.36,-0.87,0.98,0.98,1.26,D
220,8257,3074.00,0.00,1.05,-0.04,-0.28,0.36,-0.87,0.98,1.68,1.05,Q
221,8296,3074.00,0.00,1.06,-0.06,-0.28,0.36,-0.87,0.77,-0.63,1.19,Q
222,8320,3074.00,0.03,1.06,-0.05,-0.28,0.36,-0.87,0.98,-1.82,1.26,Q
223,8344,3073.00,-0.01,1.07,-0.04,-0.28,0.36,-0.86,1.12,-0.28,1.05,D
224,8373,3073.00,-0.05,1.06,-0.05,-0.28,0.36,-0.86,1.12,-0.77,1.19,Q
225,8397,3073.00,-0.05,1.09,0.00,-0.28,0.36,-0.86,0.91,-2.52,0.91,Q
226,8421,3074.00,0.00,1.10,-0.05,-0.28,0.36,-0.86,1.12,-0.98,1.26,A
227,8445,3074.00,-0.04,1.06,-0.02,-0.28,0.36,-0.86,0.77,2.03,0.98,Q
228,8470,3074.00,-0.04,1.09,0.09,-0.28,0.36,-0.87,1.12,-0.49,1.47,Q
229,8494,3074.00,0.00,1.05,-0.07,-0.28,0.36,-0.87,1.19,-3.29,1.12,Q
230,8518,3074.00,0.00,1.02,0.00,-0.28,0.36,-0.87,1.40,-1.47,1.26,Q
231,8543,3074.00,-0.02,1.05,-0.01,-0.28,0.36,-0.87,1.40,0.28,0.98,Q
232,8570,3075.00,-0.03,1.05,-0.05,-0.28,0.36,-0.87,0.91,0.91,1.47,A
233,8595,3075.00,0.04,1.06,0.00,-0.28,0.36,-0.87,1.61,-2.94,0.91,Q
234,8620,3075.00,-0.03,1.08,-0.03,-0.28,0.36,-0.86,0.84,-0.28,0.98,Q
235,8643,3075.00,-0.05,1.04,-0.08,-0.28,0.36,-0.86,0.98,0.35,1.05,Q
236,8668,3075.00,-0.04,1.06,-0.05,-0.28,0.36,-0.87,0.98,-2.38,1.19,Q
237,8692,3075.00,-0.01,1.05,0.05,-0.28,0.36,-0.87,1.40,-1.54,1.47,Q
238,8717,3075.00,-0.04,1.05,-0.07,-0.28,0.36,-0.87,1.33,-0.21,1.19,Q
239,8744,3074.00,-0.06,1.05,-0.05,-0.28,0.36,-0.87,0.77,2.52,0.77,D
240,8769,3074.00,0.00,1.05,-0.09,-0.28,0.36,-0.87,0.84,-0.49,0.98,Q
241,8808,3074.00,-0.05,1.06,-0.03,-0.28,0.36,-0.87,0.98,-1.68,1.26,Q
242,8833,3074.00,-0.05,1.10,-0.02,-0.28,0.36,-0.87,1.19,-0.28,1.19,Q
243,8856,3074.00,-0.04,1.04,0.00,-0.28,0.36,-0.87,0.91,-0.42,1.26,Q
244,8881,3074.00,-0.02,1.06,-0.02,-0.28,0.36,-0.86,1.54,-1.19,1.12,Q
245,8905,3074.00,-0.05,1.09,0.02,-0.28,0.36,-0.86,1.05,1.82,1.05,Q
246,8929,3075.00,-0.02,1.00,-0.03,-0.28,0.36,-0.86,0.98,1.47,0.98,A
247,8957,3075.00,0.00,1.13,-0.04,-0.28,0.36,-0.87,1.12,-2.52,1.12,Q
248,8982,3075.00,-0.10,1.04,-0.09,-0.28,0.36,-0.87,1.19,-4.69,1.33,Q
249,9007,3075.00,-0.03,1.09,-0.02,-0.28,0.36,-0.86,1.33,-0.42,1.12,Q
250,9030,3075.00,-0.05,1.04,0.00,-0.28,0.36,-0.86,0.77,1.61,1.05,Q
251,9055,3074.00,-0.01,1.09,-0.01,-0.28,0.36,-0.86,1.12,-0.84,1.26,D
252,9079,3074.00,-0.04,1.05,-0.06,-0.28,0.36,-0.87,1.12,-0.77,1.47,Q
253,9103,3074.00,-0.05,1.07,0.00,-0.28,0.36,-0.87,1.40,0.14,1.26,Q
254,9132,3074.00,-0.04,1.07,0.00,-0.28,0.36,-0.87,1.19,-0.98,1.33,Q
255,9156,3074.00,0.02,1.08,-0.02,-0.28,0.36,-0.87,0.84,-2.24,1.12,Q
256,9181,3074.00,0.00,1.03,-0.03,-0.28,0.36,-0.87,1.05,-0.84,1.19,Q
257,9204,3074.00,-0.03,1.05,-0.02,-0.28,0.36,-0.87,1.19,1.05,0.98,Q
258,9229,3074.00,-0.03,1.11,0.00,-0.28,0.36,-0.86,0.63,0.49,0.91,Q
259,9253,3074.00,-0.02,1.03,-0.04,-0.28,0.36,-0.86,0.91,-1.40,1.33,Q
260,9277,3074.00,0.00,1.05,0.00,-0.28,0.36,-0.86,1.05,-0.98,0.63,Q
261,9320,3074.00,-0.04,1.05,-0.05,-0.28,0.36,-0.86,1.05,0.21,1.47,Q
262,9345,3074.00,-0.02,1.07,-0.04,-0.28,0.36,-0.87,1.05,-3.15,1.19,Q
263,9369,3074.00,-0.03,1.08,0.00,-0.27,0.36,-0.87,1.05,16.45,0.98,Q
264,9393,3074.00,-0.05,1.06,0.00,-0.27,0.36,-0.87,0.84,0.63,1.12,Q
265,9417,3074.00,0.00,1.05,0.00,-0.28,0.36,-0.86,0.49,0.49,1.12,Q
266,9442,3074.00,-0.03,0.99,-0.04,-0.28,0.36,-0.86,0.91,-1.82,1.33,Q
267,9465,3074.00,-0.04,1.05,-0.04,-0.28,0.36,-0.86,0.70,-2.24,1.33,Q
268,9490,3074.00,0.05,1.05,-0.04,-0.28,0.36,-0.86,0.98,-0.42,1.12,Q
269,9519,3074.00,-0.02,1.18,-0.04,-0.28,0.36,-0.86,0.98,-0.63,0.98,Q
270,9543,3074.00,-0.07,1.07,0.06,-0.28,0.36,-0.86,0.77,-0.49,1.19,Q
271,9567,3074.00,-0.07,1.05,0.02,-0.28,0.36,-0.86,1.33,0.14,1.12,Q
272,9591,3074.00,0.00,1.07,-0.04,-0.28,0.36,-0.86,0.77,0.77,1.19,Q
273,9616,3074.00,-0.05,1.10,-0.04,-0.28,0.36,-0.86,0.91,-1.19,0.91,Q
274,9639,3074.00,-0.03,1.05,-0.02,-0.28,0.36,-0.86,1.26,-1.54,0.84,Q
275,9664,3075.00,-0.03,1.06,-0.05,-0.28,0.36,-0.86,0.91,-0.35,0.98,A
276,9693,3075.00,-0.06,1.05,0.00,-0.28,0.36,-0.86,1.05,1.19,1.12,Q
277,9717,3075.00,-0.05,1.05,-0.10,-0.28,0.36,-0.86,1.12,-1.61,1.40,Q
278,9741,3075.00,-0.05,1.05,-0.02,-0.28,0.36,-0.86,1.33,-1.47,0.98,Q
279,9765,3075.00,-0.03,1.05,-0.05,-0.28,0.36,-0.87,1.19,0.28,1.12,Q
280,9790,3075.00,-0.03,1.06,-0.05,-0.28,0.36,-0.87,1.26,-0.28,1.12,Q
281,9829,3075.00,-0.05,1.08,-0.05,-0.28,0.36,-0.87,1.05,-0.98,1.05,Q
282,9852,3075.00,-0.04,1.06,0.05,-0.28,0.36,-0.87,0.98,-0.49,1.54,Q
283,9877,3075.00,-0.05,1.09,0.00,-0.28,0.36,-0.87,1.47,-0.49,0.91,Q
284,9911,3075.00,0.00,1.05,-0.03,-0.28,0.36,-0.87,1.47,-2.45,0.84,Q
285,9935,3074.00,-0.05,1.04,-0.03,-0.28,0.36,-0.87,1.26,-1.75,1.68,D
286,9959,3075.00,-0.09,1.06,0.00,-0.28,0.36,-0.86,1.05,1.05,1.12,A
287,9984,3075.00,0.05,1.07,0.06,-0.28,0.36,-0.86,0.77,0.63,1.05,Q
288,10008,3075.00,-0.02,1.05,-0.05,-0.28,0.36,-0.86,0.91,-0.28,0.98,Q
289,10032,3075.00,-0.01,1.04,-0.03,-0.28,0.36,-0.86,0.63,-0.35,1.05,Q
290,10056,3075.00,-0.02,1.05,0.00,-0.28,0.36,-0.86,0.91,-1.12,1.40,Q
291,10085,3075.00,-0.05,1.05,-0.08,-0.28,0.36,-0.86,1.26,-2.31,1.33,Q
292,10109,3075.00,-0.04,1.03,0.00,-0.28,0.36,-0.87,0.56,-0.21,0.91,Q
293,10133,3075.00,0.05,1.05,-0.03,-0.28,0.36,-0.87,0.91,0.63,1.05,Q
294,10158,3076.00,-0.03,1.05,-0.04,-0.28,0.36,-0.87,0.63,0.84,0.77,A
295,10182,3075.00,-0.02,1.01,-0.06,-0.28,0.36,-0.87,1.33,0.14,1.33,D
296,10206,3075.00,-0.02,0.98,-0.07,-0.28,0.36,-0.87,1.05,-1.89,1.19,Q
297,10230,3075.00,-0.04,1.04,-0.04,-0.28,0.36,-0.86,1.26,-1.82,1.26,Q
298,10259,3075.00,-0.02,1.04,0.00,-0.28,0.36,-0.86,0.84,0.07,1.33,Q
299,10283,3075.00,-0.02,1.05,0.05,-0.28,0.36,-0.86,1.54,-1.33,1.12,Q
300,10307,3075.00,0.02,1.05,0.00,-0.28,0.36,-0.86,1.12,17.85,1.19,Q
301,10346,3075.00,-0.03,1.05,-0.03,-0.28,0.36,-0.86,1.12,-0.91,1.33,Q
302,10370,3075.00,-0.08,1.06,-0.03,-0.28,0.36,-0.86,1.26,-1.40,1.40,Q
303,10394,3075.00,-0.05,1.06,-0.05,-0.28,0.36,-0.86,0.77,-2.52,1.33,Q
304,10419,3075.00,-0.02,1.05,0.06,-0.28,0.36,-0.86,1.26,-0.77,1.05,Q
305,10443,3075.00,-0.10,1.12,0.08,-0.28,0.36,-0.86,0.91,2.38,0.98,Q
306,10471,3075.00,0.00,1.05,-0.09,-0.28,0.36,-0.86,1.26,-0.42,1.05,Q
307,10496,3075.00,-0.05,1.09,-0.02,-0.28,0.36,-0.86,1.33,-0.98,0.91,Q
308,10520,3075.00,-0.01,1.02,-0.04,-0.28,0.36,-0.86,1.05,-1.82,1.40,Q
309,10544,3075.00,-0.06,1.09,-0.05,-0.28,0.36,-0.86,0.70,-0.77,0.98,Q
310,10568,3074.00,-0.02,1.13,-0.04,-0.28,0.36,-0.86,0.84,0.91,1.33,D
311,10593,3074.00,-0.05,1.06,-0.04,-0.28,0.36,-0.86,0.98,0.21,1.12,Q
312,10617,3074.00,-0.03,1.05,0.00,-0.28,0.36,-0.86,1.47,1.05,1.05,Q
313,10645,3074.00,-0.05,1.06,-0.06,-0.28,0.36,-0.86,1.54,-0.91,1.40,Q
314,10670,3075.00,-0.05,1.06,-0.03,-0.28,0.36,-0.86,1.26,-2.94,1.33,A
315,10694,3075.00,-0.04,1.05,0.00,-0.28,0.36,-0.86,1.47,-2.03,1.47,Q
316,10719,3075.00,-0.03,1.05,-0.04,-0.28,0.36,-0.86,1.68,-0.98,0.56,Q
317,10742,3075.00,-0.09,1.07,-0.03,-0.28,0.36,-0.86,1.12,0.14,1.19,Q
318,10767,3075.00,-0.02,1.05,0.00,-0.28,0.36,-0.86,0.91,1.19,1.19,Q
319,10791,3075.00,0.01,1.08,-0.05,-0.28,0.36,-0.86,1.12,0.56,1.54,Q
320,10820,3075.00,-0.02,1.06,0.00,-0.28,0.36,-0.86,0.91,-0.21,0.98,Q
321,10859,3075.00,0.00,1.03,-0.15,-0.28,0.36,-0.87,0.91,-2.03,1.54,Q
322,10883,3075.00,-0.06,1.05,0.01,-0.28,0.36,-0.87,0.98,-1.40,1.12,Q
323,10907,3075.00,-0.06,1.04,-0.05,-0.28,0.36,-0.86,0.91,0.63,0.84,Q
324,10932,3075.00,-0.08,1.05,-0.04,-0.28,0.36,-0.86,0.84,-0.49,0.77,Q
325,10955,3075.00,-0.02,1.05,-0.02,-0.28,0.36,-0.86,1.33,0.07,1.19,Q
326,10980,3075.00,-0.03,1.05,-0.04,-0.28,0.36,-0.86,1.33,-1.68,1.12,Q
327,11009,3075.00,-0.03,1.02,-0.04,-0.28,0.36,-0.86,1.40,-1.89,1.26,Q
328,11033,3075.00,-0.05,1.00,-0.05,-0.28,0.36,-0.86,1.54,-1.96,1.12,Q
329,11058,3075.00,-0.05,1.09,-0.06,-0.28,0.36,-0.86,0.63,0.21,0.84,Q
330,11081,3075.00,-0.05,1.04,-0.03,-0.28,0.36,-0.86,1.33,0.49,1.19,Q
331,11106,3074.00,0.00,1.10,0.00,-0.28,0.36,-0.86,1.12,1.68,1.33,D
332,11130,3074.00,-0.05,1.12,-0.05,-0.28,0.36,-0.86,1.26,0.28,0.84,Q
333,11154,3074.00,-0.02,1.07,0.05,-0.28,0.36,-0.86,1.05,-0.56,1.12,Q
334,11179,3074.00,-0.04,1.06,0.00,-0.28,0.36,-0.86,1.12,-0.28,1.54,Q
335,11207,3074.00,-0.04,0.99,-0.07,-0.28,0.36,-0.86,1.19,-2.66,1.26,Q
336,11232,3074.00,-0.04,1.05,-0.02,-0.28,0.36,-0.86,0.98,-0.91,1.40,Q
337,11256,3074.00,0.02,1.07,-0.02,-0.28,0.36,-0.85,1.19,-0.56,1.40,Q
338,11280,3074.00,-0.07,1.07,0.00,-0.28,0.36,-0.85,0.70,0.14,0.91,Q
339,11304,3074.00,-0.03,1.05,0.00,-0.28,0.36,-0.85,1.54,0.42,1.05,Q
340,11329,3074.00,0.02,1.09,0.00,-0.28,0.36,-0.87,1.12,0.42,1.33,Q
341,11367,3074.00,-0.03,1.05,-0.02,-0.28,0.36,-0.87,0.70,-0.98,0.98,Q
342,11396,3074.00,-0.03,1.05,-0.04,-0.28,0.36,-0.86,1.26,-1.33,1.26,Q
343,11420,3075.00,-0.04,1.09,0.00,-0.28,0.36,-0.86,1.33,-0.35,1.19,A
344,11445,3075.00,0.06,1.04,-0.03,-0.28,0.36,-0.86,1.19,-0.07,1.26,Q
345,11468,3075.00,-0.05,1.05,-0.03,-0.28,0.36,-0.86,0.77,-1.12,1.05,Q
346,11493,3075.00,-0.05,1.14,-0.05,-0.28,0.36,-0.86,0.98,-0.63,1.26,Q
347,11517,3075.00,0.00,1.03,-0.02,-0.28,0.36,-0.86,1.26,-0.56,0.98,Q
348,11542,3075.00,-0.02,1.06,-0.06,-0.28,0.36,-0.86,0.77,-0.63,1.05,Q
349,11571,3075.00,0.00,1.05,-0.02,-0.28,0.36,-0.86,1.40,-2.17,1.54,Q
350,11594,3075.00,-0.04,1.08,0.00,-0.28,0.36,-0.86,0.77,-2.80,1.19,Q
351,11619,3075.00,-0.06,1.06,-0.04,-0.28,0.36,-0.86,1.05,-1.19,1.40,Q
352,11643,3075.00,-0.04,1.06,-0.10,-0.28,0.36,-0.86,1.40,-0.14,0.70,Q
353,11668,3075.00,-0.05,1.04,-0.06,-0.28,0.36,-0.86,1.40,-0.14,0.91,Q
354,11692,3075.00,-0.02,1.04,0.07,-0.28,0.36,-0.86,1.05,0.35,0.98,Q
355,11716,3075.00,0.02,1.05,0.00,-0.28,0.36,-0.86,1.12,1.89,1.05,Q
356,11741,3075.00,-0.02,1.06,0.11,-0.28,0.36,-0.86,1.12,-0.56,1.05,Q
357,11768,3075.00,-0.04,1.12,-0.02,-0.28,0.36,-0.86,1.26,-2.17,1.19,Q
358,11793,3075.00,-0.08,1.05,-0.04,-0.28,0.36,-0.87,1.47,-2.52,1.12,Q
359,11817,3075.00,-0.05,0.99,-0.08,-0.28,0.36,-0.87,1.33,-0.91,1.05,Q
360,11842,3075.00,-0.06,1.02,-0.02,-0.28,0.36,-0.87,1.05,0.00,1.47,Q
361,11881,3075.00,0.00,1.07,0.00,-0.28,0.36,-0.87,0.84,0.63,0.98,Q
362,11905,3075.00,0.00,1.07,-0.03,-0.28,0.36,-0.87,0.91,1.05,1.19,Q
363,11929,3075.00,-0.01,1.02,-0.02,-0.28,0.36,-0.86,1.05,-0.70,0.98,Q
364,11958,3074.00,-0.09,1.04,0.01,-0.28,0.36,-0.86,1.26,-2.94,1.26,D
365,11982,3074.00,-0.05,1.12,-0.05,-0.28,0.36,-0.86,1.05,-1.19,1.12,Q
366,12006,3074.00,-0.05,1.09,-0.03,-0.28,0.36,-0.85,0.98,-0.14,1.19,Q
367,12030,3074.00,-0.03,1.00,0.00,-0.28,0.36,-0.85,0.70,0.07,1.05,Q
368,12055,3074.00,-0.02,1.05,0.08,-0.28,0.36,-0.85,1.26,-0.70,0.98,Q
369,12079,3074.00,-0.04,1.06,0.00,-0.28,0.36,-0.87,1.05,-0.49,1.12,Q
370,12103,3074.00,-0.05,1.06,-0.02,-0.28,0.36,-0.87,0.84,0.98,0.98,Q
371,12132,3074.00,-0.03,1.12,-0.02,-0.28,0.36,-0.86,0.91,-1.26,0.91,Q
372,12156,3074.00,0.01,1.05,-0.05,-0.28,0.36,-0.86,1.19,-2.17,1.33,Q
373,12181,3074.00,-0.01,0.99,-0.06,-0.28,0.36,-0.86,1.33,-1.61,1.12,Q
374,12205,3074.00,-0.04,1.05,-0.05,-0.28,0.36,-0.86,1.68,-1.61,1.33,Q
375,12229,3074.00,-0.08,1.06,-0.03,-0.28,0.36,-0.86,1.05,0.42,1.12,Q
376,12254,3074.00,-0.01,1.08,-0.04,-0.28,0.36,-0.86,0.98,-1.05,1.19,Q
377,12277,3075.00,0.00,1.06,-0.04,-0.28,0.36,-0.87,1.33,0.35,0.77,A
378,12302,3075.00,0.00,1.08,-0.02,-0.28,0.36,-0.87,1.05,1.12,1.68,Q
379,12339,3075.00,-0.02,1.04,-0.04,-0.28,0.36,-0.86,1.26,-2.66,1.47,Q
380,12363,3075.00,-0.03,1.05,0.01,-0.28,0.36,-0.86,1.19,-1.12,1.47,Q
381,12402,3075.00,-0.05,1.05,-0.02,-0.28,0.36,-0.86,0.77,-0.56,1.05,Q
382,12427,3075.00,-0.02,1.12,0.09,-0.28,0.36,-0.87,1.19,-0.35,1.33,Q
383,12451,3075.00,-0.05,1.05,-0.04,-0.28,0.36,-0.87,0.77,0.21,0.98,Q
384,12475,3075.00,0.00,1.05,-0.05,-0.28,0.36,-0.86,1.26,0.91,1.26,Q
385,12499,3075.00,0.07,1.05,0.00,-0.28,0.36,-0.86,1.40,0.21,1.61,Q
386,12528,3075.00,-0.02,1.01,-0.02,-0.28,0.36,-0.86,1.54,-1.47,1.33,Q
387,12552,3075.00,-0.04,1.05,-0.06,-0.28,0.36,-0.86,1.47,-0.98,1.26,Q
388,12576,3075.00,-0.12,1.06,-0.04,-0.28,0.36,-0.86,1.54,0.56,1.05,Q
389,12601,3075.00,0.02,1.06,-0.03,-0.28,0.36,-0.86,1.12,-0.84,1.33,Q
390,12625,3075.00,-0.04,1.06,0.02,-0.28,0.36,-0.86,1.05,0.21,1.12,Q
391,12649,3075.00,-0.06,1.04,-0.04,-0.28,0.36,-0.86,0.91,-1.26,0.91,Q
392,12674,3074.00,-0.03,1.05,0.00,-0.28,0.36,-0.86,1.19,-1.47,1.26,D
393,12702,3075.00,-0.02,1.05,-0.06,-0.28,0.36,-0.86,1.19,-1.82,0.91,A
394,12727,3075.00,-0.01,1.04,-0.05,-0.28,0.36,-0.86,1.12,-0.49,0.77,Q
395,12751,3075.00,-0.03,1.04,0.00,-0.28,0.36,-0.86,1.05,1.54,1.19,Q
396,12775,3075.00,0.00,1.04,0.01,-0.28,0.36,-0.86,1.26,1.26,0.91,Q
397,12800,3074.00,-0.06,1.05,-0.05,-0.28,0.36,-0.86,1.12,-0.98,1.33,D
398,12824,3075.00,-0.03,1.06,0.00,-0.28,0.36,-0.87,1.12,-1.75,1.12,A
399,12848,3074.00,-0.05,1.07,0.00,-0.28,0.36,-0.87,1.40,-2.45,0.98,D
400,12872,3075.00,0.02,1.05,0.02,-0.28,0.36,-0.87,0.84,-3.15,1.33,A
401,12915,3074.00,-0.01,1.12,-0.04,-0.28,0.36,-0.86,0.84,2.24,0.70,D
402,12940,3074.00,-0.03,1.05,-0.05,-0.28,0.36,-0.86,0.70,1.82,1.26,Q
403,12964,3075.00,-0.05,1.13,0.00,-0.28,0.36,-0.86,0.70,-0.42,1.12,A
404,12988,3075.00,0.06,1.06,-0.02,-0.28,0.36,-0.86,1.19,-2.45,0.98,Q
405,13012,3075.00,-0.05,1.06,-0.06,-0.28,0.36,-0.87,1.05,-3.50,1.19,Q
406,13037,3075.00,-0.02,1.09,-0.05,-0.28,0.36,-0.87,0.77,-0.63,1.19,Q
407,13061,3075.00,-0.03,1.11,-0.10,-0.28,0.36,-0.87,0.98,-1.12,0.98,Q
408,13089,3075.00,-0.05,1.04,0.00,-0.28,0.36,-0.86,0.56,2.94,1.12,Q
409,13114,3075.00,0.01,1.06,-0.02,-0.28,0.36,-0.86,1.05,0.84,1.19,Q
410,13138,3075.00,0.00,1.04,0.00,-0.28,0.36,-0.86,0.70,-1.26,1.19,Q
411,13162,3075.00,-0.05,1.13,0.00,-0.28,0.36,-0.86,0.98,-3.36,0.84,Q
412,13187,3075.00,-0.06,1.05,-0.02,-0.28,0.36,-0.86,1.89,-1.96,1.05,Q
413,13211,3075.00,-0.04,1.05,-0.03,-0.28,0.36,-0.86,1.19,1.40,0.98,Q
414,13236,3075.00,-0.05,1.09,-0.02,-0.28,0.36,-0.87,1.19,0.35,0.91,Q
415,13263,3075.00,0.01,1.07,0.00,-0.28,0.36,-0.87,0.91,0.77,1.19,Q
416,13288,3075.00,-0.03,1.04,-0.05,-0.28,0.36,-0.86,1.05,-2.10,1.33,Q
417,13312,3075.00,-0.08,1.07,-0.03,-0.28,0.36,-0.86,1.33,-0.77,1.05,Q
418,13336,3075.00,-0.04,1.06,-0.02,-0.28,0.36,-0.86,1.12,-3.43,1.12,Q
419,13361,3075.00,-0.03,1.12,-0.11,-0.28,0.36,-0.86,1.33,-0.98,1.40,Q
420,13385,3074.00,0.00,1.05,-0.04,-0.28,0.36,-0.86,0.91,1.54,1.26,D
421,13423,3075.00,0.00,1.11,-0.02,-0.28,0.36,-0.86,0.84,1.05,1.26,A
422,13452,3074.00,0.02,1.05,-0.02,-0.28,0.36,-0.86,1.47,-0.84,1.54,D
423,13475,3074.00,-0.03,1.04,-0.14,-0.28,0.36,-0.86,1.05,-2.10,1.54,Q
424,13500,3075.00,-0.05,1.09,0.00,-0.28,0.36,-0.86,1.33,-1.47,0.84,A
425,13524,3075.00,-0.03,1.05,-0.08,-0.28,0.36,-0.86,1.12,-2.17,1.40,Q
426,13549,3074.00,-0.04,1.05,-0.03,-0.28,0.36,-0.86,0.98,1.33,1.33,D
427,13573,3075.00,-0.04,1.08,0.05,-0.28,0.36,-0.86,0.98,2.38,1.19,A
428,13597,3075.00,-0.03,1.05,-0.07,-0.28,0.36,-0.86,0.91,1.61,1.19,Q
429,13622,3075.00,-0.03,1.07,0.00,-0.28,0.36,-0.86,1.40,-4.06,1.33,Q
430,13650,3075.00,-0.05,1.05,-0.06,-0.28,0.36,-0.86,1.61,-3.64,1.33,Q
431,13674,3075.00,-0.10,1.07,0.04,-0.28,0.36,-0.86,1.54,-2.45,1.26,Q
432,13699,3075.00,0.00,1.06,-0.06,-0.28,0.36,-0.86,1.54,0.49,1.26,Q
433,13723,3075.00,-0.05,1.05,-0.03,-0.28,0.36,-0.86,0.84,1.68,0.98,Q
434,13748,3076.00,-0.05,1.11,-0.08,-0.28,0.36,-0.86,0.91,1.19,1.47,A
435,13771,3076.00,0.02,1.06,0.00,-0.28,0.36,-0.86,0.56,1.12,1.12,Q
436,13796,3076.00,-0.02,1.06,-0.03,-0.28,0.36,-0.86,1.19,-1.82,1.33,Q
437,13825,3076.00,0.00,1.05,-0.12,-0.28,0.36,-0.86,0.98,-2.24,1.54,Q
438,13849,3075.00,-0.02,1.02,-0.08,-0.28,0.36,-0.86,1.12,-2.03,1.05,D
439,13873,3075.00,0.05,1.05,-0.05,-0.28,0.36,-0.86,1.05,1.82,1.40,Q
440,13897,3075.00,-0.02,1.06,0.00,-0.28,0.36,-0.86,1.19,1.47,1.19,Q
441,13941,3075.00,0.00,1.05,0.00,-0.28,0.36,-0.86,1.26,-1.26,1.26,Q
442,13966,3075.00,-0.10,1.06,-0.03,-0.28,0.36,-0.86,1.75,-3.15,1.33,Q
443,13989,3075.00,0.03,1.08,0.00,-0.28,0.36,-0.86,0.98,-2.73,1.33,Q
444,14018,3075.00,-0.05,1.05,-0.06,-0.28,0.36,-0.86,0.98,-1.61,0.91,Q
445,14043,3075.00,-0.01,1.02,-0.08,-0.28,0.36,-0.86,0.91,2.10,1.33,Q
446,14067,3075.00,0.01,1.06,-0.07,-0.28,0.36,-0.86,1.19,-0.42,0.77,Q
447,14091,3075.00,-0.02,1.02,0.01,-0.28,0.36,-0.86,0.70,-1.12,1.40,Q
448,14115,3075.00,-0.02,1.05,-0.03,-0.28,0.36,-0.87,1.47,-3.08,1.40,Q
449,14140,3075.00,-0.03,1.03,-0.04,-0.28,0.36,-0.87,1.05,-2.38,1.33,Q
450,14164,3075.00,0.07,1.05,0.02,-0.28,0.36,-0.87,1.26,-1.12,1.05,Q
451,14188,3075.00,-0.03,1.04,0.05,-0.28,0.36,-0.87,1.05,2.03,0.84,Q
452,14217,3075.00,-0.02,1.01,-0.08,-0.28,0.36,-0.87,0.77,2.59,0.77,Q
453,14241,3075.00,0.02,1.06,-0.09,-0.28,0.36,-0.86,1.12,-0.07,1.40,Q
454,14266,3075.00,-0.03,1.12,-0.05,-0.28,0.36,-0.86,1.05,-2.31,1.05,Q
455,14289,3075.00,-0.04,1.06,-0.06,-0.28,0.36,-0.86,1.40,-4.83,1.05,Q
456,14314,3075.00,-0.05,1.12,-0.02,-0.28,0.36,-0.86,0.84,-0.70,1.12,Q
457,14339,3075.00,-0.04,1.04,-0.03,-0.28,0.36,-0.86,0.56,-0.28,1.26,Q
458,14363,3075.00,-0.04,1.05,0.00,-0.28,0.36,-0.86,0.77,0.70,0.98,Q
459,14391,3075.00,0.01,1.09,0.00,-0.28,0.36,-0.86,1.19,0.70,1.26,Q
460,14415,3075.00,-0.05,1.05,0.00,-0.28,0.36,-0.86,1.05,-0.35,1.19,Q
461,14454,3075.00,-0.05,1.12,-0.05,-0.28,0.36,-0.86,1.47,-3.99,1.19,Q
462,14479,3075.00,-0.02,1.04,-0.02,-0.28,0.36,-0.86,1.26,-1.19,1.40,Q
463,14502,3075.00,-0.02,1.05,-0.01,-0.28,0.36,-0.86,1.12,0.70,1.26,Q
464,14527,3075.00,-0.05,1.05,0.00,-0.28,0.36,-0.86,0.84,2.52,0.91,Q
465,14552,3075.00,-0.04,1.04,-0.04,-0.28,0.36,-0.86,0.56,-0.35,1.47,Q
466,14580,3075.00,-0.05,1.03,-0.04,-0.28,0.36,-0.86,1.40,-0.42,1.26,Q
467,14604,3075.00,-0.04,1.03,-0.16,-0.28,0.36,-0.86,1.05,-0.56,1.33,Q
468,14628,3075.00,-0.06,1.05,-0.05,-0.28,0.36,-0.86,1.19,-2.45,1.33,Q
469,14653,3076.00,-0.05,1.04,-0.02,-0.28,0.36,-0.87,0.91,-0.56,1.54,A
470,14678,3076.00,-0.05,1.04,-0.05,-0.28,0.36,-0.87,1.12,0.77,1.19,Q
471,14701,3076.00,-0.04,1.05,-0.03,-0.28,0.36,-0.87,1.12,2.24,1.12,Q
472,14726,3076.00,-0.07,1.05,0.05,-0.28,0.36,-0.86,0.91,0.35,1.12,Q
473,14750,3076.00,0.00,1.05,-0.02,-0.28,0.36,-0.86,1.05,-2.31,1.61,Q
474,14789,3076.00,-0.01,0.98,-0.05,-0.28,0.36,-0.86,0.84,-3.50,1.12,Q
475,14814,3076.00,-0.02,1.07,0.04,-0.28,0.36,-0.86,0.98,-0.91,0.91,Q
476,14838,3076.00,-0.03,1.06,0.00,-0.28,0.36,-0.86,1.26,-0.14,0.77,Q
477,14862,3075.00,-0.02,1.13,0.01,-0.28,0.36,-0.86,0.98,1.12,0.98,D
478,14886,3075.00,0.00,1.01,-0.05,-0.28,0.36,-0.86,1.05,-0.70,0.91,Q
479,14911,3075.00,-0.03,1.05,-0.01,-0.28,0.36,-0.86,1.26,-3.36,1.05,Q
480,14936,3075.00,-0.04,1.04,0.02,-0.28,0.36,-0.86,0.91,-1.19,1.47,Q
481,14981,3075.00,-0.06,1.04,-0.03,-0.28,0.36,-0.86,0.98,0.98,1.19,Q
482,15005,3075.00,-0.05,1.07,-0.07,-0.28,0.36,-0.86,1.19,-2.24,1.05,Q
483,15029,3075.00,0.00,1.04,-0.09,-0.28,0.36,-0.86,0.98,-0.14,1.26,Q
484,15053,3075.00,-0.06,1.05,-0.04,-0.28,0.36,-0.86,1.12,1.96,1.12,Q
485,15078,3075.00,0.00,1.03,-0.02,-0.28,0.36,-0.86,1.26,-0.07,1.19,Q
486,15102,3075.00,-0.05,1.03,-0.01,-0.28,0.36,-0.86,0.98,-0.84,1.12,Q
487,15126,3075.00,-0.03,1.10,0.05,-0.28,0.36,-0.87,1.40,-4.76,1.47,Q
488,15155,3075.00,-0.04,1.08,0.00,-0.28,0.36,-0.87,0.91,1.19,1.19,Q
489,15179,3075.00,-0.05,1.06,-0.02,-0.28,0.36,-0.87,1.05,0.84,1.12,Q
490,15204,3075.00,0.00,1.14,-0.04,-0.28,0.36,-0.85,1.19,-0.56,1.26,Q
491,15227,3075.00,-0.05,1.06,-0.02,-0.28,0.36,-0.85,1.12,-0.14,0.70,Q
492,15252,3075.00,-0.03,1.09,-0.02,-0.28,0.36,-0.85,1.19,0.49,1.54,Q
493,15277,3075.00,-0.03,1.07,-0.04,-0.28,0.36,-0.86,0.70,-17.64,1.19,Q
494,15301,3075.00,-0.02,1.03,-0.05,-0.28,0.36,-0.86,1.54,-3.29,1.12,Q
495,15330,3075.00,-0.03,1.05,-0.08,-0.28,0.36,-0.87,0.98,0.42,1.05,Q
496,15353,3075.00,-0.09,1.03,-0.03,-0.28,0.36,-0.87,1.33,1.54,1.33,Q
497,15378,3075.00,-0.02,1.04,0.02,-0.28,0.36,-0.87,0.56,0.70,1.19,Q
498,15403,3075.00,-0.06,1.05,-0.05,-0.28,0.36,-0.86,1.12,-0.98,1.19,Q
499,15426,3075.00,-0.03,1.04,0.01,-0.28,0.36,-0.86,0.98,0.35,1.19,Q
500,15451,3075.00,-0.05,1.04,-0.02,-0.28,0.36,-0.86,0.91,-2.31,1.61,Q
501,15492,3075.00,-0.02,1.05,-0.02,-0.28,0.36,-0.87,0.63,-3.99,1.33,Q
502,15516,3075.00,-0.04,1.05,-0.09,-0.28,0.36,-0.87,1.33,0.07,0.98,Q
503,15545,3075.00,-0.03,1.07,-0.04,-0.28,0.36,-0.87,0.98,2.03,0.91,Q
504,15569,3075.00,-0.02,1.06,0.04,-0.28,0.36,-0.87,1.12,1.82,0.84,Q
505,15593,3075.00,-0.04,1.02,-0.02,-0.28,0.36,-0.87,0.91,-0.63,0.91,Q
506,15618,3075.00,0.00,1.05,-0.03,-0.28,0.36,-0.87,1.05,-1.05,1.05,Q
507,15642,3075.00,-0.05,1.02,-0.03,-0.28,0.36,-0.87,1.26,-2.80,1.54,Q
508,15667,3075.00,-0.01,1.02,-0.05,-0.28,0.36,-0.86,1.26,-2.38,1.26,Q
509,15690,3075.00,-0.04,1.05,0.00,-0.28,0.36,-0.86,0.84,0.42,1.05,Q
510,15719,3075.00,-0.08,1.05,-0.04,-0.28,0.36,-0.86,0.98,2.94,1.12,Q
511,15744,3075.00,-0.04,1.05,-0.02,-0.28,0.36,-0.86,0.70,1.33,1.19,Q
512,15768,3075.00,0.00,1.11,-0.03,-0.28,0.36,-0.86,0.98,-1.68,1.40,Q
513,15792,3076.00,-0.03,1.05,-0.05,-0.28,0.36,-0.86,0.84,-1.54,1.26,A
514,15816,3076.00,-0.03,1.07,-0.04,-0.28,0.36,-0.87,1.61,-3.01,1.33,Q
515,15841,3076.00,-0.02,1.03,-0.08,-0.28,0.36,-0.87,1.19,-1.05,1.26,Q
516,15865,3076.00,-0.06,1.03,-0.04,-0.28,0.36,-0.87,0.84,-1.12,1.05,Q
517,15894,3076.00,-0.10,1.06,0.06,-0.28,0.36,-0.87,1.05,2.66,1.40,Q
518,15918,3076.00,0.00,1.05,-0.05,-0.28,0.36,-0.87,0.77,2.38,1.19,Q
519,15942,3076.00,-0.03,1.16,-0.04,-0.28,0.36,-0.86,1.40,-1.54,0.77,Q
520,15967,3076.00,0.04,1.05,0.07,-0.28,0.36,-0.86,1.54,-3.15,1.05,Q
521,16008,3076.00,-0.03,1.09,-0.04,-0.28,0.36,-0.86,1.40,-1.82,1.54,Q
522,16032,3076.00,-0.04,1.05,-0.05,-0.28,0.36,-0.86,1.19,0.00,0.91,Q
523,16056,3076.00,-0.05,1.06,-0.01,-0.28,0.36,-0.86,0.56,0.91,1.19,Q
524,16080,3076.00,-0.04,1.09,0.00,-0.28,0.36,-0.86,0.56,1.61,1.05,Q
525,16109,3076.00,0.00,1.07,-0.03,-0.28,0.36,-0.86,1.05,-0.42,1.26,Q
526,16134,3075.00,0.02,1.05,0.00,-0.28,0.36,-0.86,1.12,-3.08,1.33,D
527,16157,3075.00,-0.03,1.05,-0.05,-0.28,0.36,-0.86,1.40,-3.36,1.19,Q
528,16182,3075.00,-0.05,1.05,-0.06,-0.28,0.36,-0.86,1.05,0.21,1.47,Q
529,16206,3075.00,-0.03,1.09,-0.03,-0.28,0.36,-0.86,1.61,1.89,1.12,Q
530,16230,3075.00,-0.02,1.06,-0.10,-0.28,0.36,-0.86,1.19,0.35,1.26,Q
531,16254,3075.00,0.00,1.06,-0.02,-0.28,0.36,-0.86,1.26,-0.70,1.26,Q
532,16283,3075.00,-0.04,1.09,-0.03,-0.28,0.36,-0.87,1.47,-1.40,1.33,Q
533,16307,3075.00,-0.02,1.05,-0.05